AVG_CLASS_SIZE_K,AVG_CLASS_SIZE_1_3
17.9,20.6
17.8,20.7
18.2,20.7
18.2,20.7
18.7,20.8
18.6,20.8
18.9,21
19.5,21.4
19.3,21.5
19.6,21.9
19.6,22
16.7,19.4
18,18.5
17,18
19,21.8
21,20.6
19.7,20.4
21,20.7
18.7,18.7
20.4,19.4
20.2,21
20.3,21.7
12,18.8
13,17.5
8,20
17,19.7
18,17.4
14,16.5
13,20
19,19.9
20,19.7
21,21.7
18,20.9
22,22.3
22,21.5
22,22.5
21.5,23.8
22,23.7
20.5,23.8
19.5,22.7
22,21.8
18.2,22.3
15,20.4
19.5,20.1
22,21.3
18,21.3
21,22.6
19.9,21.8
19.3,24
15,22.2
19,23.3
19.7,22
21.3,22
20,21.9
18.7,21.2
21,21.2
17,19
18.2,21.2
14,21.5
15.5,22.3
16,22.3
17.4,21.4
19,21.3
20,22.3
20,21.1
19,21.8
17,18
16,19.1
17.2,19.4
16,22.3
20.5,20.1
19,21.9
17.3,19.8
19.2,20.9
15,17.7
20,13.6
20,14.9
11,15.7
18,19.3
18,18.8
10,13.2
10,14.1
19,16.8
19,18.4
17,17.6
18,17.7
21,20.6
10,17.4
15,16.8
15,19.8
18,19.4
22,22
20,21
15,19.5
19.5,21.1
20.6,21.7
13,16.3
17,16.7
20,19.6
16.1,17.9
22,17.3
19.5,20.9
20,21.7
21,21
17.5,21.8
21.3,22.7
17.6,21.9
13.5,21
20,20.3
19,19
17.3,21.6
15,22.4
16.3,22.4
16,21.1
18.7,19.9
17.3,19.6
14.3,19.8
19.3,21.9
19.6,20.7
19.6,21.6
17,22.1
16.5,21.9
13.5,21.2
20,20.3
14.5,22.3
21,20.8
15.5,21.5
21,21.8
20,21.4
20.3,22.4
19.9,22.9
19,23.4
19,21.3
16,18.3
20,18.9
19,21
19.3,19.9
15,20.7
19,20.1
18,18.8
19,20.4
14,20
21,22
16.2,19.6
14.5,20.8
17,21.3
15,20.3
19.1,19.2
17,19.3
18.2,19
18.5,20.9
14.5,20.4
18,19.9
20,22.3
19.5,19.2
20.5,21.2
19.5,19.9
16,21.8
17.7,20.7
18.4,21.8
17.8,21.2
19.5,20.6
17.5,21.6
18.7,20
21.3,21
14.5,21.8
17,21.6
15.5,20
15.5,22.3
14,21.7
18.5,20.6
15.5,18.8
16.7,19.8
20.3,21.8
20.3,20.3
21.6,23.2
19.8,20.6
18.5,20
21.3,22.1
20.7,21.3
19.5,21.6
16.6,20.2
17,21.4
20.7,22.6
17.8,22.4
21.3,22.1
19.7,21.2
12.5,17.7
14.5,17.1
14,19.8
13,19.1
15,16.4
18,20.4
18,22.4
18.3,21.3
18.5,21.9
20.5,21.2
20.9,21
18,19.5
17,21
15.8,19.5
18,21.1
18,19.3
18.7,21.7
20.4,21.9
19.9,21.2
18.9,21.1
18.7,22.7
17.3,22.3
19,20.9
17,21.5
18,21.6
17.7,21
18.5,19.1
17.3,20
21,19.3
20,21.1
21.7,20.8
20.1,22.2
20.4,22.9
16,22.7
19,18.6
19,21.3
18,16.5
20.4,21.4
17.3,20.4
22,18.9
22,20.1
15.8,20.7
19,21.1
18.4,21.2
18.8,21.3
18.3,22.1
20.6,21.2
20.3,23
18,21.7
20.5,20.7
16,21
21.5,19.8
20,22.2
18.7,18.8
18.5,19.9
20.5,18.4
18.5,20.3
18.1,22.2
18,20.8
20.5,22.3
21,23.5
21.5,21
17.5,21.6
19.5,20.9
20,21
20,20.9
20,20.7
20,20.6
20,20.7
20,19.9
17.9,21.5
15.8,21
19,21.7
18.7,21.1
17.7,20
19.7,18.9
17,22
20,21.9
18.1,20.4
20,22.8
20.1,23
17.5,19.5
17.3,19.8
18,19.9
15.3,22.1
19.3,21.1
19,20.8
19.7,19.5
20.3,22.2
20.3,22
20.7,23.2
22,20.9
14.7,21
20,20.8
20,17.5
20.5,19.6
18,21
17.6,20.6
20.2,21.4
19,23.3
20.3,21.9
20.5,21.2
21,22.4
17.4,17
18.2,19.1
17.5,17.9
17.4,18.2
19.3,20.3
16.8,19.4
18.3,20.9
17.5,20.5
19,21.6
19.8,20.9
17.3,22.8
13,20.8
17.8,20.8
19,22.7
14,20.4
20,17.3
19,23
19.2,20
19,21.8
20,21.7
21,21.6
18,22.2
20,21
15,20.8
22,20.9
16.3,21.2
22,22.8
20.5,20.4
20,22.7
21.5,22
21.7,23.4
18.5,21.2
19.5,22.8
14.3,22
18.6,21.2
19.3,20.9
16.8,20.9
21,20.2
18.6,20.4
16.8,20.1
21.9,22.5
19.3,20.6
16.3,21
19.3,21.5
16.5,20.5
19.1,21
17.5,21.3
17.8,19.6
21.5,23
19.2,20
21.7,20.9
21,21.7
20.4,21.7
19.4,22.2
20.7,22.4
16.3,21.3
17,20.4
20.7,21.6
20.3,19.4
18,20
16.3,21.8
18,20.3
19.1,20.2
20.6,22.2
19,22
22,22.1
21.3,20.3
22,21.3
20,21.1
18,20.2
20.1,22.3
18.3,22
20.5,22
20.3,23
20.4,22.1
21.2,22.1
20.3,21.6
20.8,20.6
18.2,20.8
19.5,19.7
15.7,21
18,18.9
21,17.7
19.7,20.5
20,20.2
21.6,21.7
20,23.2
19.6,22.3
16.8,17.7
19.1,18.3
16.4,20.1
18.3,22.2
22,24
22,24
22,24
22,24
22,24
22,24
22,24
21,17.6
13.3,21
17.3,18.7
19.5,20.2
16,18.9
20.5,19.8
18.7,20.4
18.5,22.2
19.4,21.1
19.7,24
17.7,22.1
17,22.2
17.3,21.9
20.5,22.1
16,21.9
18,21.7
21.5,22.6
20,21.3
16.7,21.8
19,21.4
19.4,22.6
20,22.7
16.3,21
19,18.2
19,20.2
20,19.7
19.3,20
19,19.6
22,21.3
19.8,22
18.3,20.1
19.4,21.8
18.3,20.1
20,20.8
19.7,21
18.3,20.6
20.7,22.2
21.7,21.9
21.3,23.2
21.3,22
20.7,22.7
21,21
21.2,22.8
20.3,22.4
16.7,20.6
20,21.6
18.4,21
20.5,18.3
19.5,20
20,20.3
19,19.5
22,19.4
18,21.8
16.5,22.6
18.2,20.3
20.7,20.3
18.4,20.5
17.3,20.9
21.3,20.1
20,21.7
18.7,20
16.8,19.1
19,19.9
18.8,20.9
18.3,22.4
18,22.3
16.3,20.4
17.7,20
21.5,21.4
19.8,20.8
21.3,21.6
17.5,18.7
18.7,21.6
21,20.6
19.4,21.3
17.5,22.5
18.9,23.2
20,22.7
14,17.5
11,17.9
16,19
18,20.3
18,20.3
21.8,21.2
16.5,18.9
15,20.8
16,19.2
17,20.9
21.8,18.8
20,17.6
21.2,20.7
14.7,18.8
17.9,18
20.5,19.5
20,21.3
20,21.5
20,22.5
15.7,20.3
20.5,18.6
17.7,18.1
18.7,19.6
15.7,22.4
21,21.1
19.5,22.2
18,20.8
19.7,18.6
18.3,19.3
20.3,18.7
21,19.5
20.5,20.4
19,20.2
15.3,18.1
17.7,20.3
19,20
17.5,19.9
19,21.7
17.3,21.3
16,20.2
19.7,21.8
21,19.8
19.3,21.1
19.5,21.8
20.7,22.7
19.8,20.8
20.8,21.6
19,21.9
19.4,21.2
12.5,20.3
19,20.7
22,22
22,22.6
19,20
20,20.3
20,19.3
21,19.7
16,22.3
19,23.9
20.3,20.6
18.3,21.8
20.2,20.5
19.3,21.5
20.5,21.2
20.5,21.3
19.8,22.4
20.6,20.4
21,20.4
18.8,21.8
20,21.5
20.3,22.3
13,22.6
16,18.1
15.5,18.8
17,19.5
15.5,21.1
16,20.7
19,19.7
17,21.3
18.5,21.5
18.5,21.2
20.4,21.7
16.6,20.1
15.3,19.3
18.4,20.3
16.3,19.4
19.7,21
18,21.3
15,20.1
19.7,20.7
19.4,20.7
22,22.9
19,21.8
20.5,20
19.4,22.5
19.7,21.9
17.3,18.6
16,19.5
18.3,21.2
20,19.3
16.3,20.1
17,19.1
19.3,20.6
18,21.7
18,21.9
16.3,20.4
18.5,20.3
17.5,20.1
16.8,21.3
18.3,21.5
15.8,20.9
21,20.4
18,20.2
17,21.6
20.6,21.9
19.7,22.1
21,22.9
17.3,23
19.3,19.8
18.5,21.1
17,21.9
21.4,20.9
20,18.4
18.3,20.5
19.8,20.8
19.5,21.8
19.5,21.9
19.7,22.2
19.4,22.6
21,22
20.8,20.4
16.7,21.6
18.7,20.3
19.3,22.2
17.3,20.7
17.6,20
19.2,21.8
20.5,19.8
21.5,20
19,21.9
13.7,18
18.4,18.1
18.2,20.4
18.5,19
19.3,21.7
15.7,19.6
14,17.8
20.4,21.6
19.5,23.7
21,21.9
22,22.3
19.3,21.6
21.3,22.6
21.5,22.7
20,22.8
16,22.8
17.7,22.8
20.3,22.4
20,23.3
20,23.3
20,21.5
21,22.6
19,21.5
14,20.6
19.6,20.4
16.7,22.3
20.7,21.1
16.4,20.7
20.7,21.3
21.5,22.6
17.5,23.4
19.5,22
21.9,22.8
18.5,22.3
15.7,23.4
17,20.2
18.5,20.2
18,21.6
18.5,19.6
19.9,21.3
20.9,22.1
20.5,20.5
20.5,20.5
21,22.4
17,18.8
12.5,19.7
13.5,19.7
13.8,19.3
19.7,18.3
16,20.1
19.7,19.6
18.3,19.6
20.3,20.9
17.3,23.4
18,21.1
15,21.4
18.6,20.6
20.3,20.3
19.5,22.1
21.3,21.8
18.5,21.7
18.5,20
17.3,20.7
20.7,21
20,22
22,22.9
20,21.1
18.8,20.8
20.4,20
17.7,19.3
18,19.4
20,21.3
19.7,21.7
19,22.1
17,20.7
17.4,21.6
20.7,21.2
18.5,21.3
15,22
20.5,19.7
19,21.8
19.6,20.8
18,20.7
20.5,19.1
18.3,20.9
19.4,20.7
20.8,22.4
20.6,22.1
18,20.2
20.5,21.8
16.5,18.8
17.9,20.4
20,21.2
17,19.2
20,22.5
17,21.7
17,22.2
15.5,22.4
19.5,22.4
18.2,21
18,21.2
17.7,21.9
18,21.7
17.4,18.8
17,22.3
21.5,19.9
19.5,21.6
21,20.8
20,22.9
17.5,21.7
21.5,21.1
18.6,20.9
19,20
18,20.2
17.3,19.6
17.3,20.8
17,21.1
20.3,21.3
19.9,22.5
18.8,21.4
20,21.1
15.5,19.6
18.5,19.6
15,17.7
15,19.4
15.7,21.4
19.4,20.2
19,20.9
20.8,22
18.9,23.2
18.4,21.2
20,22.1
18.3,21.4
19.8,22.3
17,22.1
17.3,21.4
20.5,19.5
19.5,20.3
21.6,22.6
20.2,23.2
19.5,21.7
21,22.3
17.5,21.5
18,20
22,22
19.3,22.5
20,19.3
17.3,21
16.7,20.9
19.3,21.7
16.5,19.4
16.7,20.3
21.5,22.2
17.7,22.9
19.6,20.3
19.7,20.9
15.3,21.8
20,20.1
17.3,19.7
19,19.2
20,19.9
16.7,22
18.3,21.2
20.6,22
21.5,21.1
17,21.5
17.5,22.2
19.5,21
21.5,21.8
20.5,19.3
16.7,22
19.7,22.3
19.4,21.9
20.7,22.5
20.1,22.1
20.7,22.6
15.5,20.3
20,20.4
17.7,21
17.3,21.2
19.7,21.3
20,20.1
21,19.6
20.8,22.4
20.7,21.5
19,21.6
16,22.3
16,20.8
15.5,19.4
19,21.1
18,19.8
12,21.2
18,22
18,21.3
19,22.4
17.5,19.5
20.5,20.4
19,22
18.4,20.5
21,19.3
19,21.8
16,22.2
21.2,22.2
18.4,20.2
21,20.5
18,22.9
19.9,21
17.7,22.7
15.7,22.3
16.5,20.2
18.5,21
15,21.7
18.3,21.3
19,20.8
18.4,21.5
16,22.3
16.7,20.1
20.5,20.2
20.6,22.4
19.8,21.8
19.3,20.9
17,19.6
19.3,19.4
18.7,22.1
18,20.9
18.2,19.9
17,20.8
19,20.6
20.6,21.4
21.2,22.8
20.2,22.1
22,21.8
14.5,19.5
16,21.6
15,22.4
18.5,20.2
20.6,22.5
15.5,22.4
19.5,22.8
21.2,21.7
22,23.6
17,23.2
22,21
19,21.7
17,20.9
15.5,20.4
17,23
19.5,22
16,20.4
20.7,22.3
20.7,22.3
19.2,21.3
19,22.4
19.7,20.2
17.5,23.1
19.8,22.6
19.6,21.2
18,22.6
21,20.8
18,21.8
19.8,20.3
21.3,22.5
18.8,23.8
20.4,22.5
21.7,21.6
17.3,21.8
21.7,21.6
17.3,21.2
17.3,21
21.3,21.4
19.5,21.1
21.3,22
19.8,22.1
18.4,21.6
20.4,22.9
20,22.1
16.7,20.3
16,22.4
17.5,20.9
21,20.5
20.5,22
19.3,20.2
19.5,21.3
18,20.7
21,20.3
19.5,22.3
17,20.9
18,19.9
20.9,21.9
18.8,19.7
18,20.7
20.5,23.1
19,20.5
14.7,19.9
19.7,20.6
17,20.9
20.7,18.1
21.7,20.4
19.6,21.4
18.8,21.9
20.5,22.2
18.3,22.3
20.3,21.8
17.8,23.2
18,20.1
18.5,20.5
18,20.6
15.3,20.1
19,20
17.3,19.4
19,20.1
19,21.3
16.7,21.4
18.3,20.5
19.3,21.9
16,22.9
14.5,18.8
20.5,22
18.5,20
17.5,22.3
20.9,20.9
20.5,20.5
20.3,21.9
19.2,22.1
21.6,22.7
19,22.2
20.9,20.9
17,21
17,21.6
18.7,21.6
17,21.1
19,21.7
18.7,21.9
21.7,22.6
19.3,21.1
21.3,22.7
21.2,22.6
15.5,22.5
18.6,21.9
13.5,21.8
20,22.7
22,20.7
20,20.5
21,20.7
17,19.2
19.3,22
21.3,23.6
21.4,23.1
20,21.2
20,21.2
21,21.6
20.5,21.8
17.5,21.4
21.7,22.9
18.7,22.7
21.4,23.1
20.9,22.6
22,23.8
20.2,21.8
18,20.7
18.3,21.9
19.5,20.9
20,21.3
17.3,21.9
19.3,22.7
20.8,22.2
21.2,21.7
19.3,22
20,23.1
21.3,22.1
16.5,21.6
21,23.2
21,23.1
19,22.9
21,21.7
21,21.3
18.5,22.6
19,22.4
21.6,21.6
21.5,23.6
20,23.8
19.3,20.4
17.7,22.2
14.3,19
21,21.8
17,21.2
17,21.7
20.4,20.8
18.7,22
21.5,21
19.7,21.6
19.7,21.6
17.1,19.6
16,19.3
10,23.4
22,21.6
19,19
18.7,19.9
17.8,19.8
14,20.8
17.8,20.5
19.3,22.1
20.8,21.1
19.2,20.8
18,20.4
18,19.6
21,20.8
18.7,18.3
18.7,21.8
18.7,20.8
20.5,19.4
18.8,20.1
20.2,21.6
17.6,20.7
17.5,20.6
18.3,22.7
20.8,22.6
19.3,22.6
16.3,20.9
17.3,22.3
19.3,20.5
21,21.3
20.6,22.2
18.5,21.9
20.4,22.1
18.3,21
17,21.3
18.3,21
18,20.7
16.7,21
21.3,20.5
16.5,22.6
19.8,21.8
17,22.6
17,22.6
18.3,22.6
19,19.6
13.5,20.2
14,19.8
13.5,21.2
19.5,18.4
20,17.2
18,22
16.5,19.4
18.8,20.5
17.5,19.9
21,22.3
16.3,20.8
16.5,21.7
18,20.7
15.5,20.4
17.5,20.1
15,21
20,20.9
18.5,22
18.9,22
22,22.6
20.5,23.5
18.7,21.9
16.8,20.8
21,19.8
21,22
16,21.5
21.1,22.9
20.8,23
20,22.1
17.7,22
19.5,22.6
21.5,22.9
18,21
17.7,21.6
21.3,21.2
21.3,22.7
20.3,23.6
19.3,22.9
20.3,21.9
19,22.8
19,22.8
20.8,22.8
20.5,22.3
20.9,21.3
19.7,22.4
17.3,22
17.7,21.8
19.2,21.2
19.3,21.8
19.8,23.4
21.8,21.7
21.3,21.8
19.7,22.7
19.7,17.5
16.8,22.6
19.5,21.9
21,21.9
18.7,22.3
19.6,22.4
20,21.6
22,22.4
19.3,23.1
21,22.7
21.5,22.5
